001 1
001 2
001 3
001 4
001 5
001 6
001 7
001 8
001 9
001 10
002 1
002 2
002 3
002 4
002 5
002 6
002 7
002 8
002 9
002 10
003 1
003 2
003 3
003 4
003 5
003 6
003 7
003 8
003 9
003 10
004 1
004 2
004 3
004 4
004 5
004 6
004 7
004 8
004 9
004 10
005 1
005 2
005 3
005 4
005 5
005 6
005 7
005 8
005 9
005 10
006 1
006 2
006 3
006 4
006 5
006 6
006 7
006 8
006 9
006 10
007 1
007 2
007 3
007 4
007 5
007 6
007 7
007 8
007 9
007 10
008 1
008 2
008 3
008 4
008 5
008 6
008 7
008 8
008 9
008 10
009 1
009 2
009 3
009 4
009 5
009 6
009 7
009 8
009 9
009 10
010 1
010 2
010 3
010 4
010 5
010 6
010 7
010 8
010 9
010 10
011 1
011 2
011 3
011 4
011 5
011 6
011 7
011 8
011 9
011 10
012 1
012 2
012 3
012 4
012 5
012 6
012 7
012 8
012 9
012 10
013 1
013 2
013 3
013 4
013 5
013 6
013 7
013 8
013 9
013 10
014 1
014 2
014 3
014 4
014 5
014 6
014 7
014 8
014 9
014 10
015 1
015 2
015 3
015 4
015 5
015 6
015 7
015 8
015 9
015 10
016 1
016 2
016 3
016 4
016 5
016 6
016 7
016 8
016 9
016 10
017 1
017 2
017 3
017 4
017 5
017 6
017 7
017 8
017 9
017 10
018 1
018 2
018 3
018 4
018 5
018 6
018 7
018 8
018 9
018 10
019 1
019 2
019 3
019 4
019 5
019 6
019 7
019 8
019 9
019 10
020 1
020 2
020 3
020 4
020 5
020 6
020 7
020 8
020 9
020 10
021 1
021 2
021 3
021 4
021 5
021 6
021 7
021 8
021 9
021 10
022 1
022 2
022 3
022 4
022 5
022 6
022 7
022 8
022 9
022 10
023 1
023 2
023 3
023 4
023 5
023 6
023 7
023 8
023 9
023 10
024 1
024 2
024 3
024 4
024 5
024 6
024 7
024 8
024 9
024 10
025 1
025 2
025 3
025 4
025 5
025 6
025 7
025 8
025 9
025 10
026 1
026 2
026 3
026 4
026 5
026 6
026 7
026 8
026 9
026 10
027 1
027 2
027 3
027 4
027 5
027 6
027 7
027 8
027 9
027 10
028 1
028 2
028 3
028 4
028 5
028 6
028 7
028 8
028 9
028 10
029 1
029 2
029 3
029 4
029 5
029 6
029 7
029 8
029 9
029 10
030 1
030 2
030 3
030 4
030 5
030 6
030 7
030 8
030 9
030 10
031 1
031 2
031 3
031 4
031 5
031 6
031 7
031 8
031 9
031 10
032 1
032 2
032 3
032 4
032 5
032 6
032 7
032 8
032 9
032 10
033 1
033 2
033 3
033 4
033 5
033 6
033 7
033 8
033 9
033 10
034 1
034 2
034 3
034 4
034 5
034 6
034 7
034 8
034 9
034 10
035 1
035 2
035 3
035 4
035 5
035 6
035 7
035 8
035 9
035 10
036 1
036 2
036 3
036 4
036 5
036 6
036 7
036 8
036 9
036 10
037 1
037 2
037 3
037 4
037 5
037 6
037 7
037 8
037 9
037 10
038 1
038 2
038 3
038 4
038 5
038 6
038 7
038 8
038 9
038 10
039 1
039 2
039 3
039 4
039 5
039 6
039 7
039 8
039 9
039 10
040 1
040 2
040 3
040 4
040 5
040 6
040 7
040 8
040 9
040 10
041 1
041 2
041 3
041 4
041 5
041 6
041 7
041 8
041 9
041 10
042 1
042 2
042 3
042 4
042 5
042 6
042 7
042 8
042 9
042 10
043 1
043 2
043 3
043 4
043 5
043 6
043 7
043 8
043 9
043 10
044 1
044 2
044 3
044 4
044 5
044 6
044 7
044 8
044 9
044 10
045 1
045 2
045 3
045 4
045 5
045 6
045 7
045 8
045 9
045 10
046 1
046 2
046 3
046 4
046 5
046 6
046 7
046 8
046 9
046 10
047 1
047 2
047 3
047 4
047 5
047 6
047 7
047 8
047 9
047 10
048 1
048 2
048 3
048 4
048 5
048 6
048 7
048 8
048 9
048 10
049 1
049 2
049 3
049 4
049 5
049 6
049 7
049 8
049 9
049 10
050 1
050 2
050 3
050 4
050 5
050 6
050 7
050 8
050 9
050 10
051 1
051 2
051 3
051 4
051 5
051 6
051 7
051 8
051 9
051 10
052 1
052 2
052 3
052 4
052 5
052 6
052 7
052 8
052 9
052 10
053 1
053 2
053 3
053 4
053 5
053 6
053 7
053 8
053 9
053 10
054 1
054 2
054 3
054 4
054 5
054 6
054 7
054 8
054 9
054 10
055 1
055 2
055 3
055 4
055 5
055 6
055 7
055 8
055 9
055 10
056 1
056 2
056 3
056 4
056 5
056 6
056 7
056 8
056 9
056 10
057 1
057 2
057 3
057 4
057 5
057 6
057 7
057 8
057 9
057 10
058 1
058 2
058 3
058 4
058 5
058 6
058 7
058 8
058 9
058 10
059 1
059 2
059 3
059 4
059 5
059 6
059 7
059 8
059 9
059 10
060 1
060 2
060 3
060 4
060 5
060 6
060 7
060 8
060 9
060 10
061 1
061 2
061 3
061 4
061 5
061 6
061 7
061 8
061 9
061 10
062 1
062 2
062 3
062 4
062 5
062 6
062 7
062 8
062 9
062 10
063 1
063 2
063 3
063 4
063 5
063 6
063 7
063 8
063 9
063 10
064 1
064 2
064 3
064 4
064 5
064 6
064 7
064 8
064 9
064 10
065 1
065 2
065 3
065 4
065 5
065 6
065 7
065 8
065 9
065 10
066 1
066 2
066 3
066 4
066 5
066 6
066 7
066 8
066 9
066 10
067 1
067 2
067 3
067 4
067 5
067 6
067 7
067 8
067 9
067 10
068 1
068 2
068 3
068 4
068 5
068 6
068 7
068 8
068 9
068 10
069 1
069 2
069 3
069 4
069 5
069 6
069 7
069 8
069 9
069 10
070 1
070 2
070 3
070 4
070 5
070 6
070 7
070 8
070 9
070 10
071 1
071 2
071 3
071 4
071 5
071 6
071 7
071 8
071 9
071 10
072 1
072 2
072 3
072 4
072 5
072 6
072 7
072 8
072 9
072 10
073 1
073 2
073 3
073 4
073 5
073 6
073 7
073 8
073 9
073 10
074 1
074 2
074 3
074 4
074 5
074 6
074 7
074 8
074 9
074 10
075 1
075 2
075 3
075 4
075 5
075 6
075 7
075 8
075 9
075 10
076 1
076 2
076 3
076 4
076 5
076 6
076 7
076 8
076 9
076 10
077 1
077 2
077 3
077 4
077 5
077 6
077 7
077 8
077 9
077 10
078 1
078 2
078 3
078 4
078 5
078 6
078 7
078 8
078 9
078 10
079 1
079 2
079 3
079 4
079 5
079 6
079 7
079 8
079 9
079 10
080 1
080 2
080 3
080 4
080 5
080 6
080 7
080 8
080 9
080 10
081 1
081 2
081 3
081 4
081 5
081 6
081 7
081 8
081 9
081 10
082 1
082 2
082 3
082 4
082 5
082 6
082 7
082 8
082 9
082 10
083 1
083 2
083 3
083 4
083 5
083 6
083 7
083 8
083 9
083 10
084 1
084 2
084 3
084 4
084 5
084 6
084 7
084 8
084 9
084 10
085 1
085 2
085 3
085 4
085 5
085 6
085 7
085 8
085 9
085 10
086 1
086 2
086 3
086 4
086 5
086 6
086 7
086 8
086 9
086 10
087 1
087 2
087 3
087 4
087 5
087 6
087 7
087 8
087 9
087 10
088 1
088 2
088 3
088 4
088 5
088 6
088 7
088 8
088 9
088 10
089 1
089 2
089 3
089 4
089 5
089 6
089 7
089 8
089 9
089 10
090 1
090 2
090 3
090 4
090 5
090 6
090 7
090 8
090 9
090 10
091 1
091 2
091 3
091 4
091 5
091 6
091 7
091 8
091 9
091 10
092 1
092 2
092 3
092 4
092 5
092 6
092 7
092 8
092 9
092 10
093 1
093 2
093 3
093 4
093 5
093 6
093 7
093 8
093 9
093 10
094 1
094 2
094 3
094 4
094 5
094 6
094 7
094 8
094 9
094 10
095 1
095 2
095 3
095 4
095 5
095 6
095 7
095 8
095 9
095 10
096 1
096 2
096 3
096 4
096 5
096 6
096 7
096 8
096 9
096 10
097 1
097 2
097 3
097 4
097 5
097 6
097 7
097 8
097 9
097 10
098 1
098 2
098 3
098 4
098 5
098 6
098 7
098 8
098 9
098 10
099 1
099 2
099 3
099 4
099 5
099 6
099 7
099 8
099 9
099 10
100 1
100 2
100 3
100 4
100 5
100 6
100 7
100 8
100 9
100 10
101 1
101 2
101 3
101 4
101 5
101 6
101 7
101 8
101 9
101 10
102 1
102 2
102 3
102 4
102 5
102 6
102 7
102 8
102 9
102 10
103 1
103 2
103 3
103 4
103 5
103 6
103 7
103 8
103 9
103 10
104 1
104 2
104 3
104 4
104 5
104 6
104 7
104 8
104 9
104 10
105 1
105 2
105 3
105 4
105 5
105 6
105 7
105 8
105 9
105 10
106 1
106 2
106 3
106 4
106 5
106 6
106 7
106 8
106 9
106 10
107 1
107 2
107 3
107 4
107 5
107 6
107 7
107 8
107 9
107 10
108 1
108 2
108 3
108 4
108 5
108 6
108 7
108 8
108 9
108 10
109 1
109 2
109 3
109 4
109 5
109 6
109 7
109 8
109 9
109 10
110 1
110 2
110 3
110 4
110 5
110 6
110 7
110 8
110 9
110 10
111 1
111 2
111 3
111 4
111 5
111 6
111 7
111 8
111 9
111 10
112 1
112 2
112 3
112 4
112 5
112 6
112 7
112 8
112 9
112 10
113 1
113 2
113 3
113 4
113 5
113 6
113 7
113 8
113 9
113 10
114 1
114 2
114 3
114 4
114 5
114 6
114 7
114 8
114 9
114 10
115 1
115 2
115 3
115 4
115 5
115 6
115 7
115 8
115 9
115 10
116 1
116 2
116 3
116 4
116 5
116 6
116 7
116 8
116 9
116 10
117 1
117 2
117 3
117 4
117 5
117 6
117 7
117 8
117 9
117 10
118 1
118 2
118 3
118 4
118 5
118 6
118 7
118 8
118 9
118 10
119 1
119 2
119 3
119 4
119 5
119 6
119 7
119 8
119 9
119 10
120 1
120 2
120 3
120 4
120 5
120 6
120 7
120 8
120 9
120 10
