001 1 10 1
002 1 10 2
003 1 10 3
004 1 10 4
005 1 10 5
006 1 20 1
007 1 20 2
008 1 20 3
009 1 20 4
010 1 20 5
011 1 30 1
012 1 30 2
013 1 30 3
014 1 30 4
015 1 30 5
016 1 40 1
017 1 40 2
018 1 40 3
019 1 40 4
020 1 40 5
021 1 50 1
022 1 50 2
023 1 50 3
024 1 50 4
025 1 50 5
026 1 60 1
027 1 60 2
028 1 60 3
029 1 60 4
030 1 60 5
031 2 10 1
032 2 10 2
033 2 10 3
034 2 10 4
035 2 10 5
036 2 20 1
037 2 20 2
038 2 20 3
039 2 20 4
040 2 20 5
041 2 30 1
042 2 30 2
043 2 30 3
044 2 30 4
045 2 30 5
046 2 40 1
047 2 40 2
048 2 40 3
049 2 40 4
050 2 40 5
051 2 50 1
052 2 50 2
053 2 50 3
054 2 50 4
055 2 50 5
056 2 60 1
057 2 60 2
058 2 60 3
059 2 60 4
060 2 60 5
061 4 10 1
062 4 10 2
063 4 10 3
064 4 10 4
065 4 10 5
066 4 20 1
067 4 20 2
068 4 20 3
069 4 20 4
070 4 20 5
071 4 30 1
072 4 30 2
073 4 30 3
074 4 30 4
075 4 30 5
076 4 40 1
077 4 40 2
078 4 40 3
079 4 40 4
080 4 40 5
081 4 50 1
082 4 50 2
083 4 50 3
084 4 50 4
085 4 50 5
086 4 60 1
087 4 60 2
088 4 60 3
089 4 60 4
090 4 60 5
091 8 10 1
092 8 10 2
093 8 10 3
094 8 10 4
095 8 10 5
096 8 20 1
097 8 20 2
098 8 20 3
099 8 20 4
100 8 20 5
101 8 30 1
102 8 30 2
103 8 30 3
104 8 30 4
105 8 30 5
106 8 40 1
107 8 40 2
108 8 40 3
109 8 40 4
110 8 40 5
111 8 50 1
112 8 50 2
113 8 50 3
114 8 50 4
115 8 50 5
116 8 60 1
117 8 60 2
118 8 60 3
119 8 60 4
120 8 60 5
