001 20 1
001 20 2
001 20 3
001 20 4
001 20 5
001 20 6
001 20 7
001 20 8
001 20 9
001 20 10
002 20 1
002 20 2
002 20 3
002 20 4
002 20 5
002 20 6
002 20 7
002 20 8
002 20 9
002 20 10
003 20 1
003 20 2
003 20 3
003 20 4
003 20 5
003 20 6
003 20 7
003 20 8
003 20 9
003 20 10
004 20 1
004 20 2
004 20 3
004 20 4
004 20 5
004 20 6
004 20 7
004 20 8
004 20 9
004 20 10
005 20 1
005 20 2
005 20 3
005 20 4
005 20 5
005 20 6
005 20 7
005 20 8
005 20 9
005 20 10
006 20 1
006 20 2
006 20 3
006 20 4
006 20 5
006 20 6
006 20 7
006 20 8
006 20 9
006 20 10
007 20 1
007 20 2
007 20 3
007 20 4
007 20 5
007 20 6
007 20 7
007 20 8
007 20 9
007 20 10
008 20 1
008 20 2
008 20 3
008 20 4
008 20 5
008 20 6
008 20 7
008 20 8
008 20 9
008 20 10
009 20 1
009 20 2
009 20 3
009 20 4
009 20 5
009 20 6
009 20 7
009 20 8
009 20 9
009 20 10
010 20 1
010 20 2
010 20 3
010 20 4
010 20 5
010 20 6
010 20 7
010 20 8
010 20 9
010 20 10
011 20 1
011 20 2
011 20 3
011 20 4
011 20 5
011 20 6
011 20 7
011 20 8
011 20 9
011 20 10
012 20 1
012 20 2
012 20 3
012 20 4
012 20 5
012 20 6
012 20 7
012 20 8
012 20 9
012 20 10
013 20 1
013 20 2
013 20 3
013 20 4
013 20 5
013 20 6
013 20 7
013 20 8
013 20 9
013 20 10
014 20 1
014 20 2
014 20 3
014 20 4
014 20 5
014 20 6
014 20 7
014 20 8
014 20 9
014 20 10
015 20 1
015 20 2
015 20 3
015 20 4
015 20 5
015 20 6
015 20 7
015 20 8
015 20 9
015 20 10
016 20 1
016 20 2
016 20 3
016 20 4
016 20 5
016 20 6
016 20 7
016 20 8
016 20 9
016 20 10
017 20 1
017 20 2
017 20 3
017 20 4
017 20 5
017 20 6
017 20 7
017 20 8
017 20 9
017 20 10
018 20 1
018 20 2
018 20 3
018 20 4
018 20 5
018 20 6
018 20 7
018 20 8
018 20 9
018 20 10
019 20 1
019 20 2
019 20 3
019 20 4
019 20 5
019 20 6
019 20 7
019 20 8
019 20 9
019 20 10
020 20 1
020 20 2
020 20 3
020 20 4
020 20 5
020 20 6
020 20 7
020 20 8
020 20 9
020 20 10
021 20 1
021 20 2
021 20 3
021 20 4
021 20 5
021 20 6
021 20 7
021 20 8
021 20 9
021 20 10
022 20 1
022 20 2
022 20 3
022 20 4
022 20 5
022 20 6
022 20 7
022 20 8
022 20 9
022 20 10
023 20 1
023 20 2
023 20 3
023 20 4
023 20 5
023 20 6
023 20 7
023 20 8
023 20 9
023 20 10
024 20 1
024 20 2
024 20 3
024 20 4
024 20 5
024 20 6
024 20 7
024 20 8
024 20 9
024 20 10
025 20 1
025 20 2
025 20 3
025 20 4
025 20 5
025 20 6
025 20 7
025 20 8
025 20 9
025 20 10
026 20 1
026 20 2
026 20 3
026 20 4
026 20 5
026 20 6
026 20 7
026 20 8
026 20 9
026 20 10
027 20 1
027 20 2
027 20 3
027 20 4
027 20 5
027 20 6
027 20 7
027 20 8
027 20 9
027 20 10
028 20 1
028 20 2
028 20 3
028 20 4
028 20 5
028 20 6
028 20 7
028 20 8
028 20 9
028 20 10
029 20 1
029 20 2
029 20 3
029 20 4
029 20 5
029 20 6
029 20 7
029 20 8
029 20 9
029 20 10
030 20 1
030 20 2
030 20 3
030 20 4
030 20 5
030 20 6
030 20 7
030 20 8
030 20 9
030 20 10
031 20 1
031 20 2
031 20 3
031 20 4
031 20 5
031 20 6
031 20 7
031 20 8
031 20 9
031 20 10
032 20 1
032 20 2
032 20 3
032 20 4
032 20 5
032 20 6
032 20 7
032 20 8
032 20 9
032 20 10
033 20 1
033 20 2
033 20 3
033 20 4
033 20 5
033 20 6
033 20 7
033 20 8
033 20 9
033 20 10
034 20 1
034 20 2
034 20 3
034 20 4
034 20 5
034 20 6
034 20 7
034 20 8
034 20 9
034 20 10
035 20 1
035 20 2
035 20 3
035 20 4
035 20 5
035 20 6
035 20 7
035 20 8
035 20 9
035 20 10
036 20 1
036 20 2
036 20 3
036 20 4
036 20 5
036 20 6
036 20 7
036 20 8
036 20 9
036 20 10
037 20 1
037 20 2
037 20 3
037 20 4
037 20 5
037 20 6
037 20 7
037 20 8
037 20 9
037 20 10
038 20 1
038 20 2
038 20 3
038 20 4
038 20 5
038 20 6
038 20 7
038 20 8
038 20 9
038 20 10
039 20 1
039 20 2
039 20 3
039 20 4
039 20 5
039 20 6
039 20 7
039 20 8
039 20 9
039 20 10
040 20 1
040 20 2
040 20 3
040 20 4
040 20 5
040 20 6
040 20 7
040 20 8
040 20 9
040 20 10
041 20 1
041 20 2
041 20 3
041 20 4
041 20 5
041 20 6
041 20 7
041 20 8
041 20 9
041 20 10
042 20 1
042 20 2
042 20 3
042 20 4
042 20 5
042 20 6
042 20 7
042 20 8
042 20 9
042 20 10
043 20 1
043 20 2
043 20 3
043 20 4
043 20 5
043 20 6
043 20 7
043 20 8
043 20 9
043 20 10
044 20 1
044 20 2
044 20 3
044 20 4
044 20 5
044 20 6
044 20 7
044 20 8
044 20 9
044 20 10
045 20 1
045 20 2
045 20 3
045 20 4
045 20 5
045 20 6
045 20 7
045 20 8
045 20 9
045 20 10
046 20 1
046 20 2
046 20 3
046 20 4
046 20 5
046 20 6
046 20 7
046 20 8
046 20 9
046 20 10
047 20 1
047 20 2
047 20 3
047 20 4
047 20 5
047 20 6
047 20 7
047 20 8
047 20 9
047 20 10
048 20 1
048 20 2
048 20 3
048 20 4
048 20 5
048 20 6
048 20 7
048 20 8
048 20 9
048 20 10
049 20 1
049 20 2
049 20 3
049 20 4
049 20 5
049 20 6
049 20 7
049 20 8
049 20 9
049 20 10
050 20 1
050 20 2
050 20 3
050 20 4
050 20 5
050 20 6
050 20 7
050 20 8
050 20 9
050 20 10
051 20 1
051 20 2
051 20 3
051 20 4
051 20 5
051 20 6
051 20 7
051 20 8
051 20 9
051 20 10
052 20 1
052 20 2
052 20 3
052 20 4
052 20 5
052 20 6
052 20 7
052 20 8
052 20 9
052 20 10
053 20 1
053 20 2
053 20 3
053 20 4
053 20 5
053 20 6
053 20 7
053 20 8
053 20 9
053 20 10
054 20 1
054 20 2
054 20 3
054 20 4
054 20 5
054 20 6
054 20 7
054 20 8
054 20 9
054 20 10
055 20 1
055 20 2
055 20 3
055 20 4
055 20 5
055 20 6
055 20 7
055 20 8
055 20 9
055 20 10
056 20 1
056 20 2
056 20 3
056 20 4
056 20 5
056 20 6
056 20 7
056 20 8
056 20 9
056 20 10
057 20 1
057 20 2
057 20 3
057 20 4
057 20 5
057 20 6
057 20 7
057 20 8
057 20 9
057 20 10
058 20 1
058 20 2
058 20 3
058 20 4
058 20 5
058 20 6
058 20 7
058 20 8
058 20 9
058 20 10
059 20 1
059 20 2
059 20 3
059 20 4
059 20 5
059 20 6
059 20 7
059 20 8
059 20 9
059 20 10
060 20 1
060 20 2
060 20 3
060 20 4
060 20 5
060 20 6
060 20 7
060 20 8
060 20 9
060 20 10
061 20 1
061 20 2
061 20 3
061 20 4
061 20 5
061 20 6
061 20 7
061 20 8
061 20 9
061 20 10
062 20 1
062 20 2
062 20 3
062 20 4
062 20 5
062 20 6
062 20 7
062 20 8
062 20 9
062 20 10
063 20 1
063 20 2
063 20 3
063 20 4
063 20 5
063 20 6
063 20 7
063 20 8
063 20 9
063 20 10
064 20 1
064 20 2
064 20 3
064 20 4
064 20 5
064 20 6
064 20 7
064 20 8
064 20 9
064 20 10
065 20 1
065 20 2
065 20 3
065 20 4
065 20 5
065 20 6
065 20 7
065 20 8
065 20 9
065 20 10
066 20 1
066 20 2
066 20 3
066 20 4
066 20 5
066 20 6
066 20 7
066 20 8
066 20 9
066 20 10
067 20 1
067 20 2
067 20 3
067 20 4
067 20 5
067 20 6
067 20 7
067 20 8
067 20 9
067 20 10
068 20 1
068 20 2
068 20 3
068 20 4
068 20 5
068 20 6
068 20 7
068 20 8
068 20 9
068 20 10
069 20 1
069 20 2
069 20 3
069 20 4
069 20 5
069 20 6
069 20 7
069 20 8
069 20 9
069 20 10
070 20 1
070 20 2
070 20 3
070 20 4
070 20 5
070 20 6
070 20 7
070 20 8
070 20 9
070 20 10
071 20 1
071 20 2
071 20 3
071 20 4
071 20 5
071 20 6
071 20 7
071 20 8
071 20 9
071 20 10
072 20 1
072 20 2
072 20 3
072 20 4
072 20 5
072 20 6
072 20 7
072 20 8
072 20 9
072 20 10
073 20 1
073 20 2
073 20 3
073 20 4
073 20 5
073 20 6
073 20 7
073 20 8
073 20 9
073 20 10
074 20 1
074 20 2
074 20 3
074 20 4
074 20 5
074 20 6
074 20 7
074 20 8
074 20 9
074 20 10
075 20 1
075 20 2
075 20 3
075 20 4
075 20 5
075 20 6
075 20 7
075 20 8
075 20 9
075 20 10
076 20 1
076 20 2
076 20 3
076 20 4
076 20 5
076 20 6
076 20 7
076 20 8
076 20 9
076 20 10
077 20 1
077 20 2
077 20 3
077 20 4
077 20 5
077 20 6
077 20 7
077 20 8
077 20 9
077 20 10
078 20 1
078 20 2
078 20 3
078 20 4
078 20 5
078 20 6
078 20 7
078 20 8
078 20 9
078 20 10
079 20 1
079 20 2
079 20 3
079 20 4
079 20 5
079 20 6
079 20 7
079 20 8
079 20 9
079 20 10
080 20 1
080 20 2
080 20 3
080 20 4
080 20 5
080 20 6
080 20 7
080 20 8
080 20 9
080 20 10
081 20 1
081 20 2
081 20 3
081 20 4
081 20 5
081 20 6
081 20 7
081 20 8
081 20 9
081 20 10
082 20 1
082 20 2
082 20 3
082 20 4
082 20 5
082 20 6
082 20 7
082 20 8
082 20 9
082 20 10
083 20 1
083 20 2
083 20 3
083 20 4
083 20 5
083 20 6
083 20 7
083 20 8
083 20 9
083 20 10
084 20 1
084 20 2
084 20 3
084 20 4
084 20 5
084 20 6
084 20 7
084 20 8
084 20 9
084 20 10
085 20 1
085 20 2
085 20 3
085 20 4
085 20 5
085 20 6
085 20 7
085 20 8
085 20 9
085 20 10
086 20 1
086 20 2
086 20 3
086 20 4
086 20 5
086 20 6
086 20 7
086 20 8
086 20 9
086 20 10
087 20 1
087 20 2
087 20 3
087 20 4
087 20 5
087 20 6
087 20 7
087 20 8
087 20 9
087 20 10
088 20 1
088 20 2
088 20 3
088 20 4
088 20 5
088 20 6
088 20 7
088 20 8
088 20 9
088 20 10
089 20 1
089 20 2
089 20 3
089 20 4
089 20 5
089 20 6
089 20 7
089 20 8
089 20 9
089 20 10
090 20 1
090 20 2
090 20 3
090 20 4
090 20 5
090 20 6
090 20 7
090 20 8
090 20 9
090 20 10
091 20 1
091 20 2
091 20 3
091 20 4
091 20 5
091 20 6
091 20 7
091 20 8
091 20 9
091 20 10
092 20 1
092 20 2
092 20 3
092 20 4
092 20 5
092 20 6
092 20 7
092 20 8
092 20 9
092 20 10
093 20 1
093 20 2
093 20 3
093 20 4
093 20 5
093 20 6
093 20 7
093 20 8
093 20 9
093 20 10
094 20 1
094 20 2
094 20 3
094 20 4
094 20 5
094 20 6
094 20 7
094 20 8
094 20 9
094 20 10
095 20 1
095 20 2
095 20 3
095 20 4
095 20 5
095 20 6
095 20 7
095 20 8
095 20 9
095 20 10
096 20 1
096 20 2
096 20 3
096 20 4
096 20 5
096 20 6
096 20 7
096 20 8
096 20 9
096 20 10
097 20 1
097 20 2
097 20 3
097 20 4
097 20 5
097 20 6
097 20 7
097 20 8
097 20 9
097 20 10
098 20 1
098 20 2
098 20 3
098 20 4
098 20 5
098 20 6
098 20 7
098 20 8
098 20 9
098 20 10
099 20 1
099 20 2
099 20 3
099 20 4
099 20 5
099 20 6
099 20 7
099 20 8
099 20 9
099 20 10
100 20 1
100 20 2
100 20 3
100 20 4
100 20 5
100 20 6
100 20 7
100 20 8
100 20 9
100 20 10
101 20 1
101 20 2
101 20 3
101 20 4
101 20 5
101 20 6
101 20 7
101 20 8
101 20 9
101 20 10
102 20 1
102 20 2
102 20 3
102 20 4
102 20 5
102 20 6
102 20 7
102 20 8
102 20 9
102 20 10
103 20 1
103 20 2
103 20 3
103 20 4
103 20 5
103 20 6
103 20 7
103 20 8
103 20 9
103 20 10
104 20 1
104 20 2
104 20 3
104 20 4
104 20 5
104 20 6
104 20 7
104 20 8
104 20 9
104 20 10
105 20 1
105 20 2
105 20 3
105 20 4
105 20 5
105 20 6
105 20 7
105 20 8
105 20 9
105 20 10
106 20 1
106 20 2
106 20 3
106 20 4
106 20 5
106 20 6
106 20 7
106 20 8
106 20 9
106 20 10
107 20 1
107 20 2
107 20 3
107 20 4
107 20 5
107 20 6
107 20 7
107 20 8
107 20 9
107 20 10
108 20 1
108 20 2
108 20 3
108 20 4
108 20 5
108 20 6
108 20 7
108 20 8
108 20 9
108 20 10
109 20 1
109 20 2
109 20 3
109 20 4
109 20 5
109 20 6
109 20 7
109 20 8
109 20 9
109 20 10
110 20 1
110 20 2
110 20 3
110 20 4
110 20 5
110 20 6
110 20 7
110 20 8
110 20 9
110 20 10
111 20 1
111 20 2
111 20 3
111 20 4
111 20 5
111 20 6
111 20 7
111 20 8
111 20 9
111 20 10
112 20 1
112 20 2
112 20 3
112 20 4
112 20 5
112 20 6
112 20 7
112 20 8
112 20 9
112 20 10
113 20 1
113 20 2
113 20 3
113 20 4
113 20 5
113 20 6
113 20 7
113 20 8
113 20 9
113 20 10
114 20 1
114 20 2
114 20 3
114 20 4
114 20 5
114 20 6
114 20 7
114 20 8
114 20 9
114 20 10
115 20 1
115 20 2
115 20 3
115 20 4
115 20 5
115 20 6
115 20 7
115 20 8
115 20 9
115 20 10
116 20 1
116 20 2
116 20 3
116 20 4
116 20 5
116 20 6
116 20 7
116 20 8
116 20 9
116 20 10
117 20 1
117 20 2
117 20 3
117 20 4
117 20 5
117 20 6
117 20 7
117 20 8
117 20 9
117 20 10
118 20 1
118 20 2
118 20 3
118 20 4
118 20 5
118 20 6
118 20 7
118 20 8
118 20 9
118 20 10
119 20 1
119 20 2
119 20 3
119 20 4
119 20 5
119 20 6
119 20 7
119 20 8
119 20 9
119 20 10
120 20 1
120 20 2
120 20 3
120 20 4
120 20 5
120 20 6
120 20 7
120 20 8
120 20 9
120 20 10
